mu_si_an=[0.0212;0.0176;0.0152;0.0123;0.0113;0.0098;0.0101;
0.0102;0.0259 ;0.0313 ;0.0334 ;
0.0393 ;0.0437 ;0.0481 ;0.0524;
0.0502 ;0.0509 ;0.0506 ;0.0493;
0.0409 ;0.0349 ;0.0151 ;0.0217 ;
0.0178 ;0.0036 ;0.0056 ;0.0056 ;0.0039 ;
0.0045 ;0.0039 ;0.0032 ;0.0026 ;0.0027 ;
0.0026 ;0.0019 ;0.0012 ;0.0011 ;0.0018 ;
0.0021 ;0.0017 ;0.0015 ;0.0013 ;0.0015 ;
0.0009 ;0.0012 ;0.0012 ;0.0011 ;0.0011 ;
0.0022 ;0.0026 ;0.0028 ;0.0032 ;0.0062 ;
0.0059 ;0.0045 ;0.0058 ;0.0083 ;0.0103 ;
0.0124 ;0.013 ;0.0174 ;0.0209 ;0.0232 ;
0.0257 ;0.0263;0.02621;0.0256;0.0245 ];